0 0 1

1 0 1
1 1 1

2 0 1
2 1 3
2 2 1

3 0 1
3 1 5
3 2 5
3 3 1

4 0 1
4 1 7
4 2 11
4 3 7
4 4 1

5 0 1
5 1 9
5 2 19
5 3 19
5 4 9
5 5 1

6 0 1
6 1 11
6 2 29
6 3 39
6 4 29
6 5 11
6 6 1

7 0 1
7 1 13
7 2 41
7 3 69
7 4 69
7 5 41
7 6 13
7 7 1

8 0 1
8 1 15
8 2 55
8 3 111
8 4 139
8 5 111
8 6 55
8 7 15
8 8 1

9 0 1
9 1 17
9 2 71
9 3 167
9 4 251
9 5 251
9 6 167
9 7 71
9 8 17
9 9 1

10 0 1
10 1 19
10 2 89
10 3 239
10 4 419
10 5 503
10 6 419
10 7 239
10 8 89
10 9 19
10 10 1

11 0 1
11 1 21
11 2 109
11 3 329
11 4 659
11 5 923
11 6 923
11 7 659
11 8 329
11 9 109
11 10 21
11 11 1

12 0 1
12 1 23
12 2 131
12 3 439
12 4 989
12 5 1583
12 6 1847
12 7 1583
12 8 989
12 9 439
12 10 131
12 11 23
12 12 1

13 0 1
13 1 25
13 2 155
13 3 571
13 4 1429
13 5 2573
13 6 3431
13 7 3431
13 8 2573
13 9 1429
13 10 571
13 11 155
13 12 25
13 13 1

14 0 1
14 1 27
14 2 181
14 3 727
14 4 2001
14 5 4003
14 6 6005
14 7 6863
14 8 6005
14 9 4003
14 10 2001
14 11 727
14 12 181
14 13 27
14 14 1

15 0 1
15 1 29
15 2 209
15 3 909
15 4 2729
15 5 6005
15 6 10009
15 7 12869
15 8 12869
15 9 10009
15 10 6005
15 11 2729
15 12 909
15 13 209
15 14 29
15 15 1

16 0 1
16 1 31
16 2 239
16 3 1119
16 4 3639
16 5 8735
16 6 16015
16 7 22879
16 8 25739
16 9 22879
16 10 16015
16 11 8735
16 12 3639
16 13 1119
16 14 239
16 15 31
16 16 1

17 0 1
17 1 33
17 2 271
17 3 1359
17 4 4759
17 5 12375
17 6 24751
17 7 38895
17 8 48619
17 9 48619
17 10 38895
17 11 24751
17 12 12375
17 13 4759
17 14 1359
17 15 271
17 16 33
17 17 1

18 0 1
18 1 35
18 2 305
18 3 1631
18 4 6119
18 5 17135
18 6 37127
18 7 63647
18 8 87515
18 9 97239
18 10 87515
18 11 63647
18 12 37127
18 13 17135
18 14 6119
18 15 1631
18 16 305
18 17 35
18 18 1

19 0 1
19 1 37
19 2 341
19 3 1937
19 4 7751
19 5 23255
19 6 54263
19 7 100775
19 8 151163
19 9 184755
19 10 184755
19 11 151163
19 12 100775
19 13 54263
19 14 23255
19 15 7751
19 16 1937
19 17 341
19 18 37
19 19 1

20 0 1
20 1 39
20 2 379
20 3 2279
20 4 9689
20 5 31007
20 6 77519
20 7 155039
20 8 251939
20 9 335919
20 10 369511
20 11 335919
20 12 251939
20 13 155039
20 14 77519
20 15 31007
20 16 9689
20 17 2279
20 18 379
20 19 39
20 20 1

21 0 1
21 1 41
21 2 419
21 3 2659
21 4 11969
21 5 40697
21 6 108527
21 7 232559
21 8 406979
21 9 587859
21 10 705431
21 11 705431
21 12 587859
21 13 406979
21 14 232559
21 15 108527
21 16 40697
21 17 11969
21 18 2659
21 19 419
21 20 41
21 21 1

22 0 1
22 1 43
22 2 461
22 3 3079
22 4 14629
22 5 52667
22 6 149225
22 7 341087
22 8 639539
22 9 994839
22 10 1293291
22 11 1410863
22 12 1293291
22 13 994839
22 14 639539
22 15 341087
22 16 149225
22 17 52667
22 18 14629
22 19 3079
22 20 461
22 21 43
22 22 1

23 0 1
23 1 45
23 2 505
23 3 3541
23 4 17709
23 5 67297
23 6 201893
23 7 490313
23 8 980627
23 9 1634379
23 10 2288131
23 11 2704155
23 12 2704155
23 13 2288131
23 14 1634379
23 15 980627
23 16 490313
23 17 201893
23 18 67297
23 19 17709
23 20 3541
23 21 505
23 22 45
23 23 1

24 0 1
24 1 47
24 2 551
24 3 4047
24 4 21251
24 5 85007
24 6 269191
24 7 692207
24 8 1470941
24 9 2615007
24 10 3922511
24 11 4992287
24 12 5408311
24 13 4992287
24 14 3922511
24 15 2615007
24 16 1470941
24 17 692207
24 18 269191
24 19 85007
24 20 21251
24 21 4047
24 22 551
24 23 47
24 24 1

25 0 1
25 1 49
25 2 599
25 3 4599
25 4 25299
25 5 106259
25 6 354199
25 7 961399
25 8 2163149
25 9 4085949
25 10 6537519
25 11 8914799
25 12 10400599
25 13 10400599
25 14 8914799
25 15 6537519
25 16 4085949
25 17 2163149
25 18 961399
25 19 354199
25 20 106259
25 21 25299
25 22 4599
25 23 599
25 24 49
25 25 1

26 0 1
26 1 51
26 2 649
26 3 5199
26 4 29899
26 5 131559
26 6 460459
26 7 1315599
26 8 3124549
26 9 6249099
26 10 10623469
26 11 15452319
26 12 19315399
26 13 20801199
26 14 19315399
26 15 15452319
26 16 10623469
26 17 6249099
26 18 3124549
26 19 1315599
26 20 460459
26 21 131559
26 22 29899
26 23 5199
26 24 649
26 25 51
26 26 1

27 0 1
27 1 53
27 2 701
27 3 5849
27 4 35099
27 5 161459
27 6 592019
27 7 1776059
27 8 4440149
27 9 9373649
27 10 16872569
27 11 26075789
27 12 34767719
27 13 40116599
27 14 40116599
27 15 34767719
27 16 26075789
27 17 16872569
27 18 9373649
27 19 4440149
27 20 1776059
27 21 592019
27 22 161459
27 23 35099
27 24 5849
27 25 701
27 26 53
27 27 1

28 0 1
28 1 55
28 2 755
28 3 6551
28 4 40949
28 5 196559
28 6 753479
28 7 2368079
28 8 6216209
28 9 13813799
28 10 26246219
28 11 42948359
28 12 60843509
28 13 74884319
28 14 80233199
28 15 74884319
28 16 60843509
28 17 42948359
28 18 26246219
28 19 13813799
28 20 6216209
28 21 2368079
28 22 753479
28 23 196559
28 24 40949
28 25 6551
28 26 755
28 27 55
28 28 1

29 0 1
29 1 57
29 2 811
29 3 7307
29 4 47501
29 5 237509
29 6 950039
29 7 3121559
29 8 8584289
29 9 20030009
29 10 40060019
29 11 69194579
29 12 103791869
29 13 135727829
29 14 155117519
29 15 155117519
29 16 135727829
29 17 103791869
29 18 69194579
29 19 40060019
29 20 20030009
29 21 8584289
29 22 3121559
29 23 950039
29 24 237509
29 25 47501
29 26 7307
29 27 811
29 28 57
29 29 1

30 0 1
30 1 59
30 2 869
30 3 8119
30 4 54809
30 5 285011
30 6 1187549
30 7 4071599
30 8 11705849
30 9 28614299
30 10 60090029
30 11 109254599
30 12 172986449
30 13 239519699
30 14 290845349
30 15 310235039
30 16 290845349
30 17 239519699
30 18 172986449
30 19 109254599
30 20 60090029
30 21 28614299
30 22 11705849
30 23 4071599
30 24 1187549
30 25 285011
30 26 54809
30 27 8119
30 28 869
30 29 59
30 30 1
