81314568899464480027571255537879009789599148289907467434769242089388294260231995351914892377179736891133417875507125
226710564885760925122591627013664054221446033485948793338583354430099296758752112214517446004131121629669919498700255
303329344012600320901200956964711505436275947005064435502875340444372084094088187522187497000317315006579623185969167
205577809020546079436341446046611618300741294708346103539018934803868998583757589927159510849714998027320817032691778
304952749222052386393214799851332133862232609847297090673639263469972907975961640045512377789376376013243670479626830
264434688112126261537346841976969864060062533975658345781531007493536786630846735889111364197435624130937843356370314
135667563025800173245697156309246311366048838488702023762458758172803580247996382823065143675077547344110413018262458
262455951416506304315382486645876659122732280706911479354311382845150400556342919331115918580796243610637444533890748
166256233290596000492553802064612677136784804052101383712694098823163897591462486522633358112921852462009965471877510
267144574822390236604542893091079902543455117077595031471195223316517644635752553406957210438220472633891951548189810
107040695177527913132610603202022937565731319945913042903209601989989720975932420789214923196139064757875331389721709
95505323074826072829648425525710426404615015621095642497252251881450386352361890252502008447961218847506354736245772
41316817562383295239482323757708144332354508754330273673618573116580702517062027472745944979108914635109752857084895
313297558863219221647461223763442186643138373494849025147963917965326105863172949883591507759961094112735551709359962
350449702873944111452577385084540595468580005394676427657353920442766172453992992798628043080556912849716000857818381
200062605863733380979106139208092080307175524588719361415218175112165393693208418163620163339750089752377536020430573
71339505343249822236509889195974079758599803377636603223989507792790597643962492106860799990359746026768831795336029
121926186860759416575035952825387884520423549206398517483996683978916347515463802488173441819538251596038291498576211
113445256039088446435305903688947638352977223163098071007372475994683079843863789259998072582046718890880160544516883
230948521955331099573949397486925456813998127727263670154321284499006625089873681273340176711107226101156472922728622
335796673015990674622665074753741848427047986906266281944102696685535931340412367014373442374875980397894132693586953
277794494989530969365341135158176059841285765041161903183732945571849070239455032620290906643216315553217420603789022
182211616953962505573599110928418488917741828421890948952118382766285691313410992112143745956175562639366762504228447
127296116560218404875306943101069749008215273457566820818253337179561020874577317330880910063239697783210336396148162
7501300233530671495271114889258735829965374286850222980739528269166417815493375783698720569790728182859699662664538
329010463297133409932614136430498818215991567890516157301065622991599820670662485159664343851204503640193913910421399
277101978103131169678978126196936615235573760441947548627804871194292291056389223357930096447338642700897516365844614
252082607378552790438739077604058026111620911102216872548486581388698021867087638750738197306413008624821273672684612
237486832891929428580436512065282020774566210345340731546954985341028232586988139669185940371406565081479254371136857
257200793861675075141631300417531331193308227642345680422122701375135665921958109476164677567900347347089409976496804
12805888286929851415097951780962126947015529240004017639182808794482291664883778436343243263850881539817742880532623
65175543543366157141751085672660740203868446280531915354282964836010797749399424897451345217904575734815799252934850
43404922515673848854969204739751936901972549424962104966726364176746395780966531396874082453991900318369457641333991
235641263755374316651545590036751393953386365112323509213535340841225828118102044636530869517500932235846301352734720
97784136252754896457495460331009933625997425163097622847864492743288626272415748904915574049414681917384285100485815
315596635296550542202294406714450540155605373062614700596379755309468218787780897935777703126552482643794125326685343
